0 0.2109375 0.662109375 0.1875 0.14453125
0 0.431640625 0.51953125 0.11328125 0.09375
0 0.611328125 0.6875 0.10546875 0.0703125
0 0.779296875 0.619140625 0.12109375 0.12109375
0 0.83203125 0.451171875 0.0703125 0.14453125
0 0.5703125 0.31640625 0.1015625 0.09375
0 0.451171875 0.416015625 0.08984375 0.08984375
0 0.353515625 0.388671875 0.08203125 0.08203125
0 0.369140625 0.4609375 0.02734375 0.03125
0 0.59375 0.478515625 0.03125 0.02734375
0 0.78125 0.318359375 0.0390625 0.03515625
0 0.197265625 0.341796875 0.07421875 0.07421875
0 0.171875 0.46875 0.0625 0.0703125
0 0.375 0.2734375 0.21875 0.109375
0 0.458984375 0.134765625 0.08203125 0.10546875
0 0.390625 0.185546875 0.0546875 0.08984375
