0 0.39453125 0.275390625 0.0625 0.05859375
0 0.50390625 0.162109375 0.0703125 0.07421875
0 0.380859375 0.40625 0.08203125 0.078125
0 0.51953125 0.400390625 0.0859375 0.08984375
0 0.54296875 0.55078125 0.0390625 0.0390625
0 0.306640625 0.73828125 0.04296875 0.0390625
0 0.58984375 0.583984375 0.03125 0.03515625
0 0.64453125 0.61328125 0.046875 0.046875
0 0.76953125 0.70703125 0.03125 0.046875
0 0.80859375 0.875 0.0546875 0.0703125
0 0.724609375 0.892578125 0.04296875 0.04296875
0 0.705078125 0.828125 0.03515625 0.0390625
