0 0.306640625 0.498046875 0.05859375 0.05078125
0 0.546875 0.529296875 0.0625 0.05859375
0 0.669921875 0.482421875 0.05859375 0.07421875
0 0.73046875 0.734375 0.0859375 0.0703125
0 0.861328125 0.796875 0.05859375 0.046875
0 0.876953125 0.509765625 0.07421875 0.08203125
0 0.87109375 0.384765625 0.046875 0.05859375
0 0.123046875 0.728515625 0.06640625 0.05078125
0 0.142578125 0.498046875 0.06640625 0.05078125
0 0.359375 0.37109375 0.0625 0.078125
0 0.080078125 0.552734375 0.04296875 0.04296875
0 0.255859375 0.892578125 0.05078125 0.04296875
0 0.474609375 0.66796875 0.07421875 0.078125
