2 0.33984375 0.43359375 0.0859375 0.1015625
2 0.453125 0.29296875 0.0546875 0.109375
2 0.40234375 0.35546875 0.0546875 0.09375
2 0.52734375 0.271484375 0.0390625 0.05859375
2 0.55859375 0.37109375 0.0625 0.1484375
2 0.724609375 0.51953125 0.12109375 0.078125
2 0.767578125 0.615234375 0.11328125 0.06640625
2 0.60546875 0.470703125 0.1328125 0.24609375
2 0.2578125 0.44921875 0.0703125 0.0859375
2 0.2109375 0.60546875 0.0625 0.0625
2 0.2109375 0.705078125 0.0703125 0.05078125
2 0.736328125 0.771484375 0.09765625 0.07421875
