2 0.64453125 0.4140625 0.0625 0.0703125
2 0.6171875 0.486328125 0.0546875 0.08203125
2 0.5859375 0.5546875 0.0546875 0.078125
2 0.5546875 0.609375 0.046875 0.0625
2 0.748046875 0.552734375 0.05859375 0.05078125
2 0.6953125 0.5859375 0.0546875 0.0625
2 0.755859375 0.669921875 0.07421875 0.05078125
2 0.56640625 0.353515625 0.046875 0.05859375
2 0.521484375 0.275390625 0.04296875 0.05859375
2 0.4453125 0.296875 0.0546875 0.1171875
2 0.396484375 0.373046875 0.06640625 0.12890625
2 0.30859375 0.4765625 0.1484375 0.09375
2 0.236328125 0.66015625 0.05078125 0.0625
2 0.705078125 0.810546875 0.08203125 0.06640625
2 0.734375 0.4140625 0.0625 0.0625
2 0.783203125 0.7734375 0.05078125 0.0546875
