0 0.210938 0.337891 0.187500 0.144531
0 0.431641 0.480469 0.113281 0.093750
0 0.611328 0.312500 0.105469 0.070312
0 0.779297 0.380859 0.121094 0.121094
0 0.832031 0.548828 0.070312 0.144531
0 0.570312 0.683594 0.101562 0.093750
0 0.451172 0.583984 0.089844 0.089844
0 0.353516 0.611328 0.082031 0.082031
0 0.369141 0.539062 0.027344 0.031250
0 0.593750 0.521484 0.031250 0.027344
0 0.781250 0.681641 0.039062 0.035156
0 0.197266 0.658203 0.074219 0.074219
0 0.171875 0.531250 0.062500 0.070312
0 0.375000 0.726562 0.218750 0.109375
0 0.458984 0.865234 0.082031 0.105469
0 0.390625 0.814453 0.054688 0.089844
