0 0.789062 0.662109 0.187500 0.144531
0 0.568359 0.519531 0.113281 0.093750
0 0.388672 0.687500 0.105469 0.070312
0 0.220703 0.619141 0.121094 0.121094
0 0.167969 0.451172 0.070312 0.144531
0 0.429688 0.316406 0.101562 0.093750
0 0.548828 0.416016 0.089844 0.089844
0 0.646484 0.388672 0.082031 0.082031
0 0.630859 0.460938 0.027344 0.031250
0 0.406250 0.478516 0.031250 0.027344
0 0.218750 0.318359 0.039062 0.035156
0 0.802734 0.341797 0.074219 0.074219
0 0.828125 0.468750 0.062500 0.070312
0 0.625000 0.273438 0.218750 0.109375
0 0.541016 0.134766 0.082031 0.105469
0 0.609375 0.185547 0.054688 0.089844
