0 0.5546875 0.560546875 0.0703125 0.12890625
0 0.69140625 0.611328125 0.0546875 0.05859375
0 0.720703125 0.533203125 0.06640625 0.08203125
0 0.685546875 0.369140625 0.08203125 0.08984375
0 0.552734375 0.28515625 0.08203125 0.0859375
0 0.4921875 0.19921875 0.0625 0.0546875
0 0.392578125 0.208984375 0.07421875 0.08203125
0 0.412109375 0.353515625 0.07421875 0.09765625
0 0.328125 0.4375 0.0859375 0.078125
0 0.2890625 0.5078125 0.0859375 0.0703125
0 0.373046875 0.666015625 0.07421875 0.06640625
0 0.458984375 0.6953125 0.05078125 0.03125
0 0.576171875 0.697265625 0.05078125 0.04296875
0 0.63671875 0.671875 0.0546875 0.0546875
0 0.232421875 0.61328125 0.11328125 0.1015625
0 0.11328125 0.66796875 0.046875 0.078125
0 0.3125 0.302734375 0.046875 0.06640625
0 0.45703125 0.291015625 0.03125 0.03515625
0 0.638671875 0.23046875 0.03515625 0.03125
0 0.458984375 0.56640625 0.05859375 0.0546875
