0 0.546875 0.568359375 0.0546875 0.06640625
0 0.916015625 0.66015625 0.05859375 0.046875
0 0.798828125 0.765625 0.03515625 0.0390625
0 0.560546875 0.44140625 0.04296875 0.0546875
0 0.404296875 0.357421875 0.04296875 0.04296875
0 0.2265625 0.4765625 0.0546875 0.0390625
0 0.234375 0.630859375 0.0625 0.05859375
0 0.2734375 0.69140625 0.046875 0.0390625
0 0.1640625 0.72265625 0.078125 0.078125
0 0.568359375 0.712890625 0.05078125 0.04296875
0 0.556640625 0.65234375 0.04296875 0.046875
0 0.421875 0.654296875 0.03125 0.04296875
